0,0,0,0,0,0,0,0,0,0,0,0,0,0,14,15,14,15,14,15,14,15,14,15
0,0,0,0,0,0,0,0,0,0,0,0,0,0,445,449,443,446,426,432,445,446,453,457
0,0,0,0,0,0,0,0,0,0,0,0,0,0,367,367,459,459,394,400,437,441,413,416
0,0,0,0,0,0,0,0,0,0,0,0,0,0,468,470,466,466,470,485,472,472,483,483
0,0,0,0,0,0,0,0,0,0,0,0,0,0,319,390,271,271,798,798,369,417,361,798
0,0,0,0,0,0,0,0,0,0,0,0,0,0,14,15,14,15,14,15,14,15,14,15
0,0,0,0,0,0,0,0,0,0,0,0,0,0,540,553,394,421,369,398,390,390,798,798
0,0,0,0,0,0,0,0,0,0,0,0,0,0,0,0,0,0,0,0,0,0,0,0
0,0,0,0,0,0,0,0,0,0,0,0,0,0,14,15,14,15,14,15,14,15,14,15
0,0,0,0,0,0,0,0,0,0,0,0,0,0,515,798,493,500,493,493,477,505,635,798
0,0,0,0,0,0,0,0,0,0,0,0,0,0,484,798,798,798,483,798,457,556,461,798
0,0,0,0,0,0,0,0,0,0,0,0,0,0,0,0,0,0,0,0,0,0,0,0
0,0,0,0,0,0,0,0,0,0,0,0,0,0,14,15,261,261,229,229,547,547,295,295
0,0,0,0,0,0,0,0,0,0,0,0,0,0,798,798,417,798,798,798,798,798,798,798
0,0,0,0,0,0,0,0,0,0,0,0,0,0,0,0,0,0,0,0,0,0,0,0
0,0,0,0,0,0,0,0,0,0,0,0,0,0,368,368,798,798,424,798,433,503,427,429
0,0,0,0,0,0,0,0,0,0,0,0,0,0,436,436,798,798,798,798,461,462,445,447
0,0,0,0,0,0,0,0,0,0,0,0,0,0,421,798,387,387,387,420,379,379,388,508
0,0,0,0,0,0,0,0,0,0,0,0,0,0,368,368,798,798,409,409,405,406,413,434
0,0,0,0,0,0,0,0,0,0,0,0,0,0,390,798,365,384,335,349,282,314,798,798
0,0,0,0,0,0,0,0,0,0,0,0,0,0,367,798,396,413,357,798,332,332,330,330
0,0,0,0,0,0,0,0,0,0,0,0,0,0,323,323,237,237,284,284,327,798,309,309
0,0,0,0,0,0,0,0,0,0,0,0,0,0,798,798,798,798,798,798,600,798,625,798
0,0,0,0,0,0,0,0,0,0,0,0,0,0,280,280,294,294,232,232,361,361,368,798
0,0,0,0,0,0,0,0,0,0,0,0,0,0,415,798,412,423,388,392,407,798,457,469
0,0,0,0,0,0,0,0,0,0,0,0,0,0,222,222,798,798,798,798,798,798,798,798
0,0,0,0,0,0,0,0,0,0,0,0,0,0,361,361,798,798,798,798,380,798,798,798
0,0,0,0,0,0,0,0,0,0,0,0,0,0,14,15,273,283,359,360,798,798,377,445
0,0,0,0,0,0,0,0,0,0,0,0,0,0,622,798,617,798,365,365,798,798,411,431
0,0,0,0,0,0,0,0,0,0,0,0,0,0,798,798,502,798,492,798,495,798,510,798
0,0,0,0,0,0,0,0,0,0,0,0,0,0,798,798,798,798,798,798,798,798,798,798
0,0,0,0,0,0,0,0,0,0,0,0,0,0,798,798,488,798,462,798,380,433,430,798
0,0,0,0,0,0,0,0,0,0,0,0,0,0,459,468,573,798,445,798,420,798,449,798
0,0,0,0,0,0,0,0,0,0,0,0,0,0,515,515,798,798,798,798,798,798,543,798
0,0,0,0,0,0,0,0,0,0,0,0,0,0,343,343,798,798,798,798,471,471,493,798
0,0,0,0,0,0,0,0,0,0,0,0,0,0,526,798,524,798,607,798,486,798,490,490
0,0,0,0,0,0,0,0,0,0,0,0,0,0,570,798,798,798,583,798,576,798,606,633
0,0,0,0,0,0,0,0,0,0,0,0,0,0,238,238,249,410,14,15,14,15,14,15
0,0,0,0,0,0,0,0,0,0,0,0,0,0,556,556,798,798,798,798,532,661,798,798
0,0,0,0,0,0,0,0,0,0,0,0,0,0,538,798,549,798,798,798,583,798,798,798
0,0,0,0,0,0,0,0,0,0,0,0,0,0,798,798,523,552,484,485,485,490,516,549
0,0,0,0,0,0,0,0,0,0,0,0,0,0,445,798,488,798,392,421,378,406,321,321
0,0,0,0,0,0,0,0,0,0,0,0,0,0,14,15,14,15,14,15,14,15,14,15
0,0,0,0,0,0,0,0,0,0,0,0,0,0,569,798,798,798,578,798,525,798,549,798
0,0,0,0,0,0,0,0,0,0,0,0,0,0,14,15,14,15,14,15,14,15,14,15
0,0,0,0,0,0,0,0,0,0,0,0,0,0,14,15,14,15,14,15,14,15,14,15
0,0,0,0,0,0,0,0,0,0,0,0,0,0,14,15,14,15,14,15,14,15,14,15
0,0,0,0,0,0,0,0,0,0,0,0,0,0,14,15,14,15,14,15,14,15,14,15
0,0,0,0,0,0,0,0,0,0,0,0,0,0,435,440,418,424,414,418,435,441,450,455
0,0,0,0,0,0,0,0,0,0,0,0,0,0,476,506,798,798,488,505,484,484,576,576
0,0,0,0,0,0,0,0,0,0,0,0,0,0,524,528,540,544,525,559,540,545,554,558
0,0,0,0,0,0,0,0,0,0,0,0,0,0,14,15,14,15,14,15,270,472,369,369
0,0,0,0,0,0,0,0,0,0,0,0,0,0,798,798,14,15,798,798,798,798,14,15
0,0,0,0,0,0,0,0,0,0,0,0,0,0,798,798,471,558,449,798,798,798,798,798
0,0,0,0,0,0,0,0,0,0,0,0,0,0,547,798,598,798,553,625,579,798,649,798
0,0,0,0,0,0,0,0,0,0,0,0,0,0,798,798,798,798,798,798,798,798,798,798
0,0,0,0,0,0,0,0,0,0,0,0,0,0,325,325,328,347,286,320,392,392,382,382
0,0,0,0,0,0,0,0,0,0,0,0,0,0,798,798,798,798,798,798,577,798,798,798
0,0,0,0,0,0,0,0,0,0,0,0,0,0,437,438,798,798,458,465,521,553,798,798
0,0,0,0,0,0,0,0,0,0,0,0,0,0,498,798,467,467,509,527,798,798,492,798
0,0,0,0,0,0,0,0,0,0,0,0,0,0,532,542,514,798,506,798,556,583,560,577
0,0,0,0,0,0,0,0,0,0,0,0,0,0,522,538,533,798,526,532,534,535,798,798
0,0,0,0,0,0,0,0,0,0,0,0,0,0,798,798,798,798,798,798,798,798,798,798
0,0,0,0,0,0,0,0,0,0,0,0,0,0,393,393,393,397,405,405,422,424,436,798
0,0,0,0,0,0,0,0,0,0,0,0,0,0,798,798,693,798,623,631,798,798,798,798
0,0,0,0,0,0,0,0,0,0,0,0,0,0,533,545,537,539,524,536,509,517,583,599
0,0,0,0,0,0,0,0,0,0,0,0,0,0,798,798,798,798,532,798,514,798,470,477
0,0,0,0,0,0,0,0,0,0,0,0,0,0,475,475,798,798,477,493,376,376,418,798
0,0,0,0,0,0,0,0,0,0,0,0,0,0,14,15,14,15,14,15,182,214,179,179
0,0,0,0,0,0,0,0,0,0,0,0,0,0,368,687,398,409,392,391,402,402,425,457
0,0,0,0,0,0,0,0,0,0,0,0,0,0,798,798,798,798,798,798,798,798,798,798
0,0,0,0,0,0,0,0,0,0,0,0,0,0,368,368,404,404,487,798,362,388,377,378
0,0,0,0,0,0,0,0,0,0,0,0,0,0,381,381,391,394,277,277,226,229,246,246
0,0,0,0,0,0,0,0,0,0,0,0,0,0,798,798,798,798,798,798,798,798,798,798
0,0,0,0,0,0,0,0,0,0,0,0,0,0,14,15,14,15,392,798,14,15,271,271
0,0,0,0,0,0,0,0,0,0,0,0,0,0,14,15,14,15,392,798,14,15,271,271
0,0,0,0,0,0,0,0,0,0,0,0,0,0,14,15,14,15,392,798,14,15,271,271
0,0,0,0,0,0,0,0,0,0,0,0,0,0,14,15,14,15,392,798,14,15,271,271
0,0,0,0,0,0,0,0,0,0,0,0,0,0,14,15,14,15,392,798,14,15,271,271
0,0,0,0,0,0,0,0,0,0,0,0,0,0,798,798,798,798,798,798,14,15,798,798
0,0,0,0,0,0,0,0,0,0,0,0,0,0,14,15,14,15,392,798,14,15,271,271
0,0,0,0,0,0,0,0,0,0,0,0,0,0,798,798,798,798,798,798,798,798,798,798
0,0,0,0,0,0,0,0,0,0,0,0,0,0,798,798,798,798,0,0,419,798,0,0
0,0,0,0,0,0,0,0,0,0,0,0,0,0,798,798,798,798,306,306,401,798,124,124
0,0,0,0,0,0,0,0,0,0,0,0,0,0,14,15,14,15,798,798,798,798,798,798
0,0,0,0,0,0,0,0,0,0,0,0,0,0,14,15,14,15,798,798,798,798,798,798
0,0,0,0,0,0,0,0,0,0,0,0,0,0,14,15,14,15,798,798,798,798,798,798
0,0,0,0,0,0,0,0,0,0,0,0,0,0,14,15,14,15,0,0,14,15,466,466
0,0,0,0,0,0,0,0,0,0,0,0,0,0,14,15,14,15,14,15,14,15,14,15
0,0,0,0,0,0,0,0,0,0,0,0,0,0,798,798,395,395,361,361,327,332,282,282
0,0,0,0,0,0,0,0,0,0,0,0,0,0,798,798,503,551,476,489,456,456,484,798
0,0,0,0,0,0,0,0,0,0,0,0,0,0,517,528,578,578,552,798,555,555,651,798
0,0,0,0,0,0,0,0,0,0,0,0,0,0,658,798,609,640,798,798,574,625,798,798
0,0,0,0,0,0,0,0,0,0,0,0,0,0,14,15,14,15,14,15,14,15,14,15
0,0,0,0,0,0,0,0,0,0,0,0,0,0,558,559,533,534,535,550,526,536,580,588
0,0,0,0,0,0,0,0,0,0,0,0,0,0,495,495,798,798,515,798,564,798,798,798
0,0,0,0,0,0,0,0,0,0,0,0,0,0,798,798,440,798,433,798,798,798,798,798
0,0,0,0,0,0,0,0,0,0,0,0,0,0,429,446,798,798,798,798,798,798,798,798
0,0,0,0,0,0,0,0,0,0,0,0,0,0,14,15,14,15,14,15,14,15,14,15
0,0,0,0,0,0,0,0,0,0,0,0,0,0,605,798,654,798,634,798,594,798,618,798
0,0,0,0,0,0,0,0,0,0,0,0,0,0,602,798,615,798,610,798,651,798,798,798
0,0,0,0,0,0,0,0,0,0,0,0,0,0,579,798,798,798,798,798,798,798,798,798
0,0,0,0,0,0,0,0,0,0,0,0,0,0,620,798,648,798,609,798,798,798,632,798
0,0,0,0,0,0,0,0,0,0,0,0,0,0,664,798,798,798,798,798,673,798,673,798
0,0,0,0,0,0,0,0,0,0,0,0,0,0,798,798,798,798,798,798,798,798,798,798
0,0,0,0,0,0,0,0,0,0,0,0,0,0,567,798,798,798,548,622,543,798,798,798
0,0,0,0,0,0,0,0,0,0,0,0,0,0,798,798,798,798,798,798,798,798,711,798
0,0,0,0,0,0,0,0,0,0,0,0,0,0,401,798,419,798,377,423,798,798,798,798
0,0,0,0,0,0,0,0,0,0,0,0,0,0,798,798,798,798,662,798,798,798,798,798
0,0,0,0,0,0,0,0,0,0,0,0,0,0,798,798,798,798,798,798,798,798,798,798
0,0,0,0,0,0,0,0,0,0,0,0,0,0,554,570,798,798,592,798,798,798,576,595
0,0,0,0,0,0,0,0,0,0,0,0,0,0,546,798,509,798,510,798,540,798,563,798
0,0,0,0,0,0,0,0,0,0,0,0,0,0,553,798,477,798,478,798,511,545,798,798
0,0,0,0,0,0,0,0,0,0,0,0,0,0,562,798,541,798,798,798,798,798,601,798
0,0,0,0,0,0,0,0,0,0,0,0,0,0,577,589,598,600,584,593,561,581,592,597
0,0,0,0,0,0,0,0,0,0,0,0,0,0,798,798,409,412,407,798,411,430,798,798
0,0,0,0,0,0,0,0,0,0,0,0,0,0,560,584,560,563,568,591,588,622,620,798
0,0,0,0,0,0,0,0,0,0,0,0,0,0,14,15,14,15,14,15,14,15,14,15
0,0,0,0,0,0,0,0,0,0,0,0,0,0,798,798,14,15,261,798,281,798,14,15
0,0,0,0,0,0,0,0,0,0,0,0,0,0,798,798,798,798,798,798,798,798,798,798
0,0,0,0,0,0,0,0,0,0,0,0,0,0,460,798,440,440,482,798,798,798,798,798
0,0,0,0,0,0,0,0,0,0,0,0,0,0,425,798,798,798,798,798,322,322,362,362
0,0,0,0,0,0,0,0,0,0,0,0,0,0,608,629,612,675,584,608,610,622,642,703
0,0,0,0,0,0,0,0,0,0,0,0,0,0,798,798,798,798,562,798,534,798,644,798
0,0,0,0,0,0,0,0,0,0,0,0,0,0,0,0,0,0,0,0,0,0,0,0
0,0,0,0,0,0,0,0,0,0,0,0,0,0,498,798,511,798,491,798,479,486,798,798
0,0,0,0,0,0,0,0,0,0,0,0,0,0,14,15,14,15,14,15,14,15,14,15
0,0,0,0,0,0,0,0,0,0,0,0,0,0,486,798,535,798,496,798,456,798,798,798
0,0,0,0,0,0,0,0,0,0,0,0,0,0,601,610,641,798,601,798,614,798,652,798
0,0,0,0,0,0,0,0,0,0,0,0,0,0,695,798,662,798,655,798,653,798,798,798
0,0,0,0,0,0,0,0,0,0,0,0,0,0,583,798,601,798,577,798,591,798,645,798
0,0,0,0,0,0,0,0,0,0,0,0,0,0,798,798,798,798,663,798,710,798,798,798
0,0,0,0,0,0,0,0,0,0,0,0,0,0,0,0,0,0,0,0,0,0,0,0
0,0,0,0,0,0,0,0,0,0,0,0,0,0,0,0,0,0,0,0,0,0,0,0
0,0,0,0,0,0,0,0,0,0,0,0,0,0,670,798,605,798,597,798,661,798,634,798
0,0,0,0,0,0,0,0,0,0,0,0,0,0,0,0,0,0,0,0,0,0,0,0
0,0,0,0,0,0,0,0,0,0,0,0,0,0,569,798,798,798,798,798,528,798,798,798
0,0,0,0,0,0,0,0,0,0,0,0,0,0,607,798,600,798,798,798,558,798,798,798
0,0,0,0,0,0,0,0,0,0,0,0,0,0,588,798,567,798,524,798,522,798,562,798
0,0,0,0,0,0,0,0,0,0,0,0,0,0,376,798,14,15,14,15,334,379,14,15
0,0,0,0,0,0,0,0,0,0,0,0,0,0,247,247,384,422,798,798,798,798,798,798
0,0,0,0,0,0,0,0,0,0,0,0,0,0,657,798,651,664,632,648,632,648,684,703
0,0,0,0,0,0,0,0,0,0,0,0,0,0,728,798,798,798,798,798,798,798,728,798
0,0,0,0,0,0,0,0,0,0,0,0,0,0,586,750,590,608,580,798,574,595,624,661
0,0,0,0,0,0,0,0,0,0,0,0,0,0,798,798,798,798,798,798,798,798,798,798
0,0,0,0,0,0,0,0,0,0,0,0,0,0,417,417,450,798,364,406,391,798,798,798
0,0,0,0,0,0,0,0,0,0,0,0,0,0,665,798,798,798,798,798,634,798,798,798
0,0,0,0,0,0,0,0,0,0,0,0,0,0,798,798,798,798,798,798,798,798,798,798
0,0,0,0,0,0,0,0,0,0,0,0,0,0,798,798,798,798,798,798,798,798,798,798
0,0,0,0,0,0,0,0,0,0,0,0,0,0,541,555,569,614,535,535,571,574,594,607
0,0,0,0,0,0,0,0,0,0,0,0,0,0,401,401,798,798,798,798,798,798,798,798
0,0,0,0,0,0,0,0,0,0,0,0,0,0,347,347,798,798,409,409,798,798,798,798
0,0,0,0,0,0,0,0,0,0,0,0,0,0,798,798,679,798,660,798,621,798,798,798
0,0,0,0,0,0,0,0,0,0,0,0,0,0,798,798,720,798,708,798,660,798,673,798
0,0,0,0,0,0,0,0,0,0,0,0,0,0,798,798,479,798,429,798,501,501,14,15
0,0,0,0,0,0,0,0,0,0,0,0,0,0,358,798,373,798,798,798,357,473,295,295
0,0,0,0,0,0,0,0,0,0,0,0,0,0,798,798,798,798,798,798,798,798,798,798
0,0,0,0,0,0,0,0,0,0,0,0,0,0,798,798,798,798,619,798,691,798,662,798
0,0,0,0,0,0,0,0,0,0,0,0,0,0,798,798,798,798,798,798,798,798,798,798
0,0,0,0,0,0,0,0,0,0,0,0,0,0,798,798,798,798,325,798,798,798,798,798
0,0,0,0,0,0,0,0,0,0,0,0,0,0,798,798,798,798,798,798,798,798,546,798
